#SECRET NETWORK
MNEMONIC="desk pigeon hammer sleep only mistake stool december offer patrol once vacant"
CODE_HASH="4fb0433133d3e9441790ab713ad8000bb99c3894a36b679f355ffaea052035b9"
SECRET_ADDRESS="secret17t9uvyh9dg72g6uhgtz4gepljruzlc8luvysr0"
SECRET_PUBLIC_KEY=2,165,253,245,93,98,164,32,177,187,230,64,78,165,109,237,190,105,96,96,221,214,87,54,82,29,8,12,209,22,251,200,89

#EVM
PRIVATE_KEY="1e598c566f622120e4c617fb8fbfd3a064751bdabe20f50ca9fe646488910d40"
INFURA_KEY="7bb38f598ae5404ebc844325edec7c4e"
CONTRACT_ADDRESS="0xCeE5d4492e0b5b19826225C49D417C00F5311094"
ECC_PUBLIC_KEY=3,118,120,142,29,35,3,21,172,209,97,236,216,110,118,24,11,161,53,45,56,193,141,235,56,13,177,99,213,172,58,4,124
ECC_PRIVATE_KEY=238,252,75,187,114,149,142,194,63,208,134,211,168,141,80,86,251,27,36,122,219,124,251,232,106,185,134,88,30,192,15,185
